   -0.700000   0
   0.000000000000000    -0.600000   0
   0.000000000000000    -0.500000   0
   0.000000000000000    -0.400000   0
   0.000000000000000    -0.300000   0
   0.000000000000000    -0.200000   0
   0.023372113792542 
   -0.354111 -9.349115e-01
  -0.059805479386863 
    0.932997 -3.548804e-01
   0.997936395233772 
    0.064207 6.283608e-04
   -0.100000   0
   0.023372113792542   -0.354110507011216   -0.934911489458295 
  -0.059805479386863    0.932996887772801   -0.354880419354992 
   0.997936395233772    0.064207135355249    0.000628360801383 
    0.000000   0
   0.023372113792542   -0.354110507011216   -0.934911489458295 
  -0.059805479386863    0.932996887772801   -0.354880419354992 
   0.997936395233772    0.064207135355249    0.000628360801383 
    0.100000   0
   0.023372113792542   -0.354110507011216   -0.934911489458295 
  -0.059805479386863    0.932996887772801   -0.354880419354992 
   0.997936395233772    0.064207135355249    0.000628360801383 
    0.200000   0
   0.022786205784362 
   -0.354143 -9.349137e-01
  -0.059530937491721 
    0.933016 -3.548752e-01
   0.997966360308457 
    0.063743 1.774457e-04
    0.300000   0
   0.022786205784362   -0.354142904064333   -0.934913681751868 
  -0.059530937491721    0.933016447494450   -0.354875155774808 
   0.997966360308457    0.063742546275767    0.000177445687812 
    0.400000   0
   0.022786205784362   -0.354142904064333   -0.934913681751868 
  -0.059530937491721    0.933016447494450   -0.354875155774808 
   0.997966360308457    0.063742546275767    0.000177445687812 
    0.500000   0
   0.022786205784362   -0.354142904064333   -0.934913681751868 
  -0.059530937491721    0.933016447494450   -0.354875155774808 
   0.997966360308457    0.063742546275767    0.000177445687812 
    0.600000   0
   0.022786205784362   -0.354142904064333   -0.934913681751868 
  -0.059530937491721    0.933016447494450   -0.354875155774808 
   0.997966360308457    0.063742546275767    0.000177445687812 
    0.700000   0
   0.022786205784362   -0.354142904064333   -0.934913681751868 
  -0.059530937491721    0.933016447494450   -0.354875155774808 
   0.997966360308457    0.063742546275767    0.000177445687812 
    0.800000   0
   0.022786205784362   -0.354142904064333   -0.934913681751868 
  -0.059530937491721    0.933016447494450   -0.354875155774808 
   0.997966360308457    0.063742546275767    0.000177445687812 
    0.900000   0
   0.022786205784362   -0.354142904064333   -0.934913681751868 
  -0.059530937491721    0.933016447494450   -0.354875155774808 
   0.997966360308457    0.063742546275767    0.000177445687812 
    1.000000   0
   0.022786205784362   -0.354142904064333   -0.934913681751868 
  -0.059530937491721    0.933016447494450   -0.354875155774808 
   0.997966360308457    0.063742546275767    0.000177445687812 
    1.100000   0
   0.022786205784362   -0.354142904064333   -0.934913681751868 
  -0.059530937491721    0.933016447494450   -0.354875155774808 
   0.997966360308457    0.063742546275767    0.000177445687812 
    1.200000   0
  -0.000000000000000 
   -0.000000 -9.349361e-01
  -0.000000000000000 
   -0.000000 -3.548150e-01
  -0.000000000000000 
   -0.000000 -9.269554e-04
    1.300000   0
  -0.000000000000000 
   -0.000000 -9.349289e-01
  -0.000000000000000 
   -0.000000 -3.548342e-01
  -0.000000000000000 
   -0.000000 -8.270283e-04
    1.400000   0
  -0.000000000000000 
   -0.000000 -9.349289e-01
  -0.000000000000000 
   -0.000000 -3.548342e-01
  -0.000000000000000 
   -0.000000 -8.270283e-04
    1.500000   0
  -0.000000000000000 
   -0.000000 -9.349289e-01
  -0.000000000000000 
   -0.000000 -3.548342e-01
  -0.000000000000000 
   -0.000000 -8.270283e-04
    1.600000   0
  -0.000000000000000 
   -0.000000 -9.349289e-01
  -0.000000000000000 
   -0.000000 -3.548342e-01
  -0.000000000000000 
   -0.000000 -8.270283e-04
    1.700000   0
  -0.000000000000000 
   -0.000000 -9.349289e-01
  -0.000000000000000 
   -0.000000 -3.548342e-01
  -0.000000000000000 
   -0.000000 -8.270283e-04
    1.800000   0
  -0.000000000000000 
   -0.000000 -9.349289e-01
  -0.000000000000000 
   -0.000000 -3.548342e-01
  -0.000000000000000 
   -0.000000 -8.270283e-04
    1.900000   0
  -0.000000000000000 
   -0.000000 -9.349289e-01
  -0.000000000000000 
   -0.000000 -3.548342e-01
  -0.000000000000000 
   -0.000000 -8.270283e-04
    2.000000   0
   0.021822694998305 
   -0.354163 -9.349289e-01
  -0.059825180108355 
    0.933013 -3.548342e-01
   0.997970299061056 
    0.063676 -8.270283e-04
    2.100000   0
   0.021822694998305 
   -0.354163 -9.349289e-01
  -0.059825180108355 
    0.933013 -3.548342e-01
   0.997970299061056 
    0.063676 -8.270283e-04
    2.200000   0
   0.021822694998305 
   -0.354163 -9.349289e-01
  -0.059825180108355 
    0.933013 -3.548342e-01
   0.997970299061056 
    0.063676 -8.270283e-04
    2.300000   0
   0.021822694998305 
   -0.354163 -9.349289e-01
  -0.059825180108355 
    0.933013 -3.548342e-01
   0.997970299061056 
    0.063676 -8.270283e-04
    2.400000   0
   0.021822694998305 
   -0.354163 -9.349289e-01
  -0.059825180108355 
    0.933013 -3.548342e-01
   0.997970299061056 
    0.063676 -8.270283e-04
    2.500000   0
   0.021822694998305 
   -0.354163 -9.349289e-01
  -0.059825180108355 
    0.933013 -3.548342e-01
   0.997970299061056 
    0.063676 -8.270283e-04
    2.600000   0
   0.021822694998305 
   -0.354163 -9.349289e-01
  -0.059825180108355 
    0.933013 -3.548342e-01
   0.997970299061056 
    0.063676 -8.270283e-04
    2.700000   0
   0.021822694998305 
   -0.354163 -9.349289e-01
  -0.059825180108355 
    0.933013 -3.548342e-01
   0.997970299061056 
    0.063676 -8.270283e-04
    2.800000   0
   0.021822694998305 
   -0.354163 -9.349289e-01
  -0.059825180108355 
    0.933013 -3.548342e-01
   0.997970299061056 
    0.063676 -8.270283e-04
    2.900000   0
   0.021822694998305 
   -0.354163 -9.349289e-01
  -0.059825180108355 
    0.933013 -3.548342e-01
   0.997970299061056 
    0.063676 -8.270283e-04
    3.000000   0
   0.021822694998305 
   -0.354163 -9.349289e-01
  -0.059825180108355 
    0.933013 -3.548342e-01
   0.997970299061056 
    0.063676 -8.270283e-04
    3.100000   0
   0.021822694998305   -0.354163433825059   -0.934928891480124 
  -0.059825180108355    0.933013217443964   -0.354834163941222 
   0.997970299061056    0.063675727055971   -0.000827028342711 
    3.200000   0
   0.021822694998305   -0.354163433825059   -0.934928891480124 
  -0.059825180108355    0.933013217443964   -0.354834163941222 
   0.997970299061056    0.063675727055971   -0.000827028342711 
    3.300000   0
   0.021822694998305   -0.354163433825059   -0.934928891480124 
  -0.059825180108355    0.933013217443964   -0.354834163941222 
   0.997970299061056    0.063675727055971   -0.000827028342711 
    3.400000   0
   0.021822694998305   -0.354163433825059   -0.934928891480124 
  -0.059825180108355    0.933013217443964   -0.354834163941222 
   0.997970299061056    0.063675727055971   -0.000827028342711 
    3.500000   0
   0.021822694998305   -0.354163433825059   -0.934928891480124 
  -0.059825180108355    0.933013217443964   -0.354834163941222 
   0.997970299061056    0.063675727055971   -0.000827028342711 
    3.600000   0
   0.021822694998305   -0.354163433825059   -0.934928891480124 
  -0.059825180108355    0.933013217443964   -0.354834163941222 
   0.997970299061056    0.063675727055971   -0.000827028342711 
    3.700000   0
   0.021822694998305   -0.354163433825059   -0.934928891480124 
  -0.059825180108355    0.933013217443964   -0.354834163941222 
   0.997970299061056    0.063675727055971   -0.000827028342711 
    3.800000   0
   0.021822694998305   -0.354163433825059   -0.934928891480124 
  -0.059825180108355    0.933013217443964   -0.354834163941222 
   0.997970299061056    0.063675727055971   -0.000827028342711 
    3.900000   0
   0.021822694998305   -0.354163433825059   -0.934928891480124 
  -0.059825180108355    0.933013217443964   -0.354834163941222 
   0.997970299061056    0.063675727055971   -0.000827028342711 
    4.000000   0
  -0.000000000000000 
   -0.000000 -9.349658e-01
  -0.000000000000000 
   -0.000000 -3.547145e-01
  -0.000000000000000 
   -0.000000 -4.067395e-03
    4.100000   0
  -0.000000000000000 
   -0.000000 -9.349591e-01
  -0.000000000000000 
   -0.000000 -3.547333e-01
  -0.000000000000000 
   -0.000000 -3.963354e-03
    4.200000   0
  -0.000000000000000 
   -0.000000 -9.349591e-01
  -0.000000000000000 
   -0.000000 -3.547333e-01
  -0.000000000000000 
   -0.000000 -3.963354e-03
    4.300000   0
  -0.000000000000000 
   -0.000000 -9.349591e-01
  -0.000000000000000 
   -0.000000 -3.547333e-01
  -0.000000000000000 
   -0.000000 -3.963354e-03
    4.400000   0
  -0.000000000000000 
   -0.000000 -9.349591e-01
  -0.000000000000000 
   -0.000000 -3.547333e-01
  -0.000000000000000 
   -0.000000 -3.963354e-03
    4.500000   0
  -0.000000000000000 
   -0.000000 -9.349591e-01
  -0.000000000000000 
   -0.000000 -3.547333e-01
  -0.000000000000000 
   -0.000000 -3.963354e-03
    4.600000   0
  -0.000000000000000 
   -0.000000 -9.349591e-01
  -0.000000000000000 
   -0.000000 -3.547333e-01
  -0.000000000000000 
   -0.000000 -3.963354e-03
    4.700000   0
  -0.000000000000000 
   -0.000000 -9.349591e-01
  -0.000000000000000 
   -0.000000 -3.547333e-01
  -0.000000000000000 
   -0.000000 -3.963354e-03
    4.800000   0
  -0.000000000000000 
   -0.000000 -9.349591e-01
  -0.000000000000000 
   -0.000000 -3.547333e-01
  -0.000000000000000 
   -0.000000 -3.963354e-03
    4.900000   0
  -0.000000000000000 
   -0.000000 -9.349591e-01
  -0.000000000000000 
   -0.000000 -3.547333e-01
  -0.000000000000000 
   -0.000000 -3.963354e-03
                                                                                                                                                                                                                                                                                                                                                                                                                                                                                                                                                                                                                                                                                                                                                                                                                                                                                                                                                                                                                                                                                                                                                                                                                                                                                                                                                                                                                                                                                                                                                                                                                                                                                                                                                                                                                                                                                                                                                                                                                                                                                                                                                                                                                                                                                                                                                                                                                                                                                                                                                                                                                                                                                                                                                                                                                                                                                                                                                                                                                                                                                                                                                                                                                                                                                                                                                                                                                                                                                                                                                                                                                                                                                                                                                                                                                                                                                                                                                                                                                                                                                                                                                                                                                                                                                                                                                                                                                                                                                                                                                                                                                                                                                                                                                                                                                                                                                                                                                                                                                                                                                                                                                                                                                                                                                                                                                                                                                                                                                                                                                                                                                                                                                                                                                                                                                                                                                                                                                                                                                                                                                                                                                                                                                                                                                                                                                                                                                                                                                                                                                                                                                                                                                                                                                                                                                                                                                                                                                                                                                                                                                                                                                                                                                                                                                                                                                                                                                                                                                                                                                                                                                                                                                                                                                                                                                                                                                                                                                                                                                                                                                                                                                                                                                                                                                                                                                                                                                                                                                                                                                                                                                                                                                                                                                                                                                                                                                                                                                                                                                                                                                                                                                                                                                                                                                                                                                                                                                                                                                                                                                                                                                                                                                                                                                                                                                                                                                                                                                                                                                                                                                                                                                                                                                                                                                                                                                                                                                                                                                                                                                                                                                                                                                                                                                                                                                                                                                                                                                                                                                                                                                                                                                                                                                                                                                                                                                                                                                                                                                                     11.000000   0
  -0.000000000000000 
   -0.000000 -9.350031e-01
  -0.000000000000000 
   -0.000000 -3.544585e-01
  -0.000000000000000 
   -0.000000 -1.133228e-02
   11.100000   0
  -0.000000000000000 
   -0.000000 -9.350031e-01
  -0.000000000000000 
   -0.000000 -3.544585e-01
  -0.000000000000000 
   -0.000000 -1.133228e-02
   11.200000   0
  -0.000000000000000 
   -0.000000 -9.350031e-01
  -0.000000000000000 
   -0.000000 -3.544585e-01
  -0.000000000000000 
   -0.000000 -1.133228e-02
